	0	1	2	3	4	5	6	7	8	9	10	11	12	13	14	15	16	17	18	19	20	21	22	23		Alt			0	1	2	3	4	5	6	7	8	9	10	11	12	13	14	15	16	17	18	19	20	21	22	23		Alt																											
Ni diurnal	Ni diurnal	Ni diurnal	Ni diurnal	Ni diurnal	Ni diurnal	Ni diurnal	Ni diurnal	Ni diurnal	Ni diurnal	Ni diurnal	Ni diurnal	Ni diurnal	Ni diurnal	Ni diurnal	Ni diurnal	Ni diurnal	Ni diurnal	Ni diurnal	Ni diurnal	Ni diurnal	Ni diurnal	Ni diurnal	Ni diurnal	Ni diurnal	Ni diurnal	Ni diurnal		Ni+ diurnal	Ni+ diurnal	Ni+ diurnal	Ni+ diurnal	Ni+ diurnal	Ni+ diurnal	Ni+ diurnal	Ni+ diurnal	Ni+ diurnal	Ni+ diurnal	Ni+ diurnal	Ni+ diurnal	Ni+ diurnal	Ni+ diurnal	Ni+ diurnal	Ni+ diurnal	Ni+ diurnal	Ni+ diurnal	Ni+ diurnal	Ni+ diurnal	Ni+ diurnal	Ni+ diurnal	Ni+ diurnal	Ni+ diurnal	Ni+ diurnal	Ni+ diurnal	Ni+ diurnal																											
0	0	0	0	0	0	0	0	0	0	0	0	0	0	0	0	0	0	0	0	0	0	0	0	0	0	65		0	0	0	0	0	0	0	0	0	0	0	0	0	0	0	0	0	0	0	0	0	0	0	0	0	0	65																											
0	0	0	0	0	0	0	0	0	0	0	0	0	0	0	0	0	0	0	0	0	0	0	0	0	0	66		0	0	0	0	0	0	0	0	0	0	0	0	0	0	0	0	0	0	0	0	0	0	0	0	0	0	66																											
0	0	0	0	0	0	0	0	0	0	0	0	0	0	0	0	0	0	0	0	0	0	0	0	0	0	67		0	0	0	0	0	0	0	0	0	0	0	0	0	0	0	0	0	0	0	0	0	0	0	0	0	0	67																											
0	0	0	0	0	0	0	0	0	0	0	0	0	0	0	0	0	0	0	0	0	0	0	0	0	0	68		0	0	0	0	0	0	0	0	0	0	0	0	0	0	0	0	0	0	0	0	0	0	0	0	0	0	68																											
0	0	0	0	0	0	0	0	0	0	0	0	0	0	0	0	0	0	0	0	0	0	0	0	0	0	69		0	0	0	0	0	0	0	0	0	0	0	0	0	0	0	0	0	0	0	0	0	0	0	0	0	0	69																											
0	0	0	0	0	0	0	0	0	0	0	0	0	0	0	0	0	0	0	0	0	0	0	0	0	0	70		0	0	0	0	0	0	0	0	0	0	0	0	0	0	0	0	0	0	0	0	0	0	0	0	0	0	70																											
0	0	0	0	0	0	0	0	0	0	0	0	0	0	0	0	0	0	0	0	0	0	0	0	0	0	71		0	0	0	0	0	0	0	0	0	0	0	0	0	0	0	0	0	0	0	0	0	0	0	0	0	0	71																											
0	0	0	0	0	0	0	0	0	0	0	0	0	0	0	0	0	0	0	0	0	0	0	0	0	0	72		0	0	0	0	0	0	0	0	0	0	0	0	0	0	0	0	0	0	0	0	0	0	0	0	0	0	72																											
0	0	0	0	0	0	0	0	0	0	0	0	0	0	0	0	0	0	0	0	0	0	0	0	0	0	73		0	0	0	0	0	0	0	0	0	0	0	0	0	0	0	0	0	0	0	0	0	0	0	0	0	0	73																											
0	0	0	0	0	0	0	0	0	0	0	0	0	0	0	0	0	0	0	0	0	0	0	0	0	0	74		0	0	0	0	0	0	0	0	0	0	0	0	0	0	0	0	0	0	0	0	0	0	0	0	0	0	74																											
0	0	0	0	0	0	0	0.003333333	0.01	0.013333333	0.02	0.02	0.02	0.016666667	0.01	0.01	0.006666667	0	0	0	0	0	0	0	0	0	75		0	0	0	0	0	0	0	0	0	0	0	0	0	0	0	0	0	0	0	0	0	0	0	0	0	0	75																											
0	0	0.006666667	0.02	0.043333333	0.283333333	0.406666667	0.37	0.386666667	0.403333333	0.41	0.376666667	0.306666667	0.27	0.216666667	0.16	0.13	0.093333333	0.066666667	0.043333333	0.003333333	0	0	0	0	0	76		0	0	0	0	0	0	0	0	0	0	0	0	0	0	0	0	0	0	0	0	0	0	0	0	0	0	76																											
0.006666667	0.003333333	0.016666667	0.05	0.113333333	0.87	1.29	1.29	1.5	1.81	2.083333333	2.36	2.563333333	2.613333333	2.456666667	2.273333333	1.916666667	1.493333333	1.086666667	0.693333333	0.113333333	0.02	0.01	0.013333333	0.006666667	0.003333333	77		0	0	0	0	0	0	0	0	0	0	0	0	0	0	0	0	0	0	0	0	0	0	0	0	0	0	77																											
2.93	5.123333333	8.843333333	10.63666667	9.656666667	16.17333333	15.45	14.84	15.76666667	17.31333333	17.95666667	18.83666667	19.32333333	19.63333333	18.55666667	17.46	17.10333333	15.67	14.06666667	13.35	6.926666667	3.97	2.98	2.826666667	2.93	5.123333333	78		0.07	0.08	0.16	0.14	0.126666667	0.14	0.136666667	0.09	0.05	0.036666667	0.033333333	0.033333333	0.04	0.036666667	0.04	0.04	0.05	0.053333333	0.063333333	0.08	0.07	0.063333333	0.063333333	0.076666667	0.07	0.08	78																											
13.76333333	17.15666667	22.4	24.71333333	26.44	48.15666667	46.29333333	45.15666667	47.23666667	50.93666667	54.30333333	58.65333333	61.11	61.17	58.99666667	59.5	61.22333333	61.07	60.24666667	57.6	31.65	17.30666667	14.56666667	13.70666667	13.76333333	17.15666667	79		0.423333333	0.4	0.553333333	0.463333333	0.446666667	0.54	0.486666667	0.376666667	0.323333333	0.31	0.316666667	0.333333333	0.343333333	0.286666667	0.223333333	0.236666667	0.243333333	0.24	0.28	0.34	0.33	0.34	0.383333333	0.426666667	0.423333333	0.4	79																											
80.59666667	84.68	89.29666667	88.29666667	94.9	143.7	150.3933333	146.5766667	143.26	144.89	148.82	154.39	156.21	155.2733333	152.8366667	151.88	149.48	148.0733333	147.4633333	144.3	105.34	81.21	77.89	76.5	80.59666667	84.68	80		2.44	2.423333333	2.33	2.156666667	2.17	2.36	2.386666667	2.12	1.936666667	1.913333333	1.88	1.86	1.886666667	1.783333333	1.746666667	1.843333333	1.83	1.863333333	2.04	2.306666667	2.386666667	2.393333333	2.426666667	2.443333333	2.44	2.423333333	80																											
194.5133333	204.1866667	214.8633333	223.8833333	233.6066667	275.41	283.9	279.4266667	275.42	275.5133333	277.5966667	277.3166667	275.5333333	272.79	273.6466667	276.1733333	277.0533333	276.62	272.2333333	264.0533333	232.1166667	201.64	193.8033333	189.56	194.5133333	204.1866667	81		9.396666667	9.506666667	9.376666667	9.966666667	10.36	10.94333333	11.71666667	10.82333333	10.42333333	10.27666667	10.18	10.14666667	9.99	9.98	10.88333333	11.66	11.88	12.49	12.57333333	12.09333333	11.78666667	10.92	9.403333333	9.116666667	9.396666667	9.506666667	81																											
277.4966667	289.2266667	298.6566667	303.7833333	307.7166667	335.7633333	343.81	340.1333333	337.46	337.95	340.35	339.57	338.6566667	336.56	341.8233333	350.4733333	356.0133333	357.94	353.48	340.5933333	316.86	292.6533333	283.7533333	276.3666667	277.4966667	289.2266667	82		20.24333333	20.42333333	20.77333333	22.12333333	22.62333333	24.23333333	24.71333333	23.46666667	23.5	23.65333333	23.28333333	22.42	21.73666667	21.52	22.77666667	23.19333333	23.67666667	24.47	24.19333333	22.83	21.55	20.35666667	19.60333333	20.00666667	20.24333333	20.42333333	82																											
298.3833333	304.4966667	307.7	305.14	306.3033333	320.8766667	323.8333333	323.0233333	324.0633333	326.6533333	327.3633333	324.2233333	323.4533333	323.1933333	327.31	332.5466667	337.7	340.3266667	340.1433333	333.35	320.01	307.1433333	302.9933333	299.3233333	298.3833333	304.4966667	83		39.09	38.52333333	39.05333333	40.26666667	40.82666667	44.98666667	47.01333333	45.66666667	46.17	46.53666667	46.00333333	44.8	44.07333333	44.57333333	46.2	46.61	47.62666667	48.89666667	47.95	45.44333333	41.67333333	39.57	39.68	39.90666667	39.09	38.52333333	83																											
261.5966667	265.11	265.72	262.4066667	261.4566667	269.0633333	272.8866667	272.88	272.41	274.57	276.6633333	275.4566667	274.1233333	274.8	277.2866667	279.75	282.65	284.4933333	285.4666667	282.8366667	276.27	269.24	265.9433333	263.2433333	261.5966667	265.11	84		61.96666667	60.93333333	61.47666667	62.51333333	62.88666667	66.31	69.63333333	70.19333333	72.54	73.2	73.11	72.42666667	70.51666667	70.22	70.53666667	69.13	69.13666667	69.81333333	68.87	67.06333333	65.13	64.26	64.69666667	63.93666667	61.96666667	60.93333333	84																											
206.59	207.9533333	207.4266667	205.5	203.5866667	207.37	212.0066667	212.4366667	211.2533333	213.1533333	215.5	216.5633333	216.4133333	218.1233333	219.7133333	220.1	219.94	220.1933333	221.2666667	221.53	218.87	214.4033333	211.4266667	209.14	206.59	207.9533333	85		77.92333333	77.42	77.50666667	77.72666667	77.57333333	80.64333333	85.38	87.36333333	89.62	91	91.42	91.77	90.19666667	90.06	89.53333333	86.92666667	85.84333333	86.2	85.96666667	85.23666667	85.24333333	83.71333333	82.17	80.21333333	77.92333333	77.42	85																											
146.7466667	147.81	146.74	145.07	143.3666667	145.45	147.72	147.6366667	146.54	146.8366667	147.3033333	148.25	149.53	152.61	154.4866667	154.8	154.6066667	154.39	154.18	152.6333333	149.2133333	147.0266667	146.5766667	146.4133333	146.7466667	147.81	86		88.70666667	89.17333333	87.93	87.19333333	86.50666667	89.37333333	95.52666667	97.45666667	98.51666667	100.61	102.2533333	103.1833333	103.8533333	104.5133333	103.6133333	102.1133333	101.2733333	101.8966667	101.0633333	99.46333333	98.62	95.76	92.73333333	90.12666667	88.70666667	89.17333333	86																											
96.73666667	96.65	96	95.33	95.45	96.70333333	97.43	96.54	95.56	94.69333333	94.49666667	95.45666667	96.80333333	99.23666667	100.5466667	100.6266667	100.7666667	100.6	99.90666667	97.95	95.29	95.16333333	95.87	95.97333333	96.73666667	96.65	87		88.94	88.81333333	88.31333333	87.33666667	85.63333333	88.01666667	93.29	94.66	94.85333333	96.95666667	99.1	100.8033333	102.65	104.3133333	103.6433333	103.7066667	104.05	104.37	103.1366667	100.8433333	99.10333333	96.45333333	93.68666667	90.52333333	88.94	88.81333333	87																											
58.88333333	58.93333333	58.89666667	58.90333333	59.86666667	60.94333333	61.08	60.08666667	59.29	58.21666667	57.24	57.00333333	57.29666667	58.07	58.71	58.81	59.22666667	59.25333333	58.92	57.77333333	56.58	57.53	58.17666667	58.21666667	58.88333333	58.93333333	88		82.26333333	81.07	80.82333333	80.27666667	79.01	81.02666667	84.36666667	84.31	83.88666667	85.52666667	87.43666667	89.89666667	92.35333333	94.05	94.19666667	95.54333333	96.43	96.19333333	94.94333333	93.05333333	91.51333333	89.98333333	87.94333333	84.38666667	82.26333333	81.07	88																											
33.28333333	33.68333333	33.94666667	34.25666667	34.81333333	35.77	36.52	35.88666667	34.69333333	33.24	32.18666667	31.67	31.28666667	31.04333333	30.91666667	30.57	30.86	31.29666667	31.82	31.5	31.13666667	32.15333333	32.71	32.79	33.28333333	33.68333333	89		71.06	69.16666667	68.06333333	67.36	67.54	69.07666667	71.02333333	70.26666667	70.43333333	72.18	74.04	76.53333333	79.26333333	80.71	81.31333333	82.30333333	82.6	82.45	81.09666667	78.78333333	77.33666667	76.11333333	74.53666667	72.47666667	71.06	69.16666667	89																											
18.18333333	18.85666667	19.58666667	19.68333333	20.04	20.67	21.31333333	20.99333333	19.81666667	18.46333333	17.38333333	16.64	15.98	15.34	15.06333333	14.87666667	15.09	15.67666667	16.46	16.64	16.74666667	17.41666667	17.75666667	17.76666667	18.18333333	18.85666667	90		54.03333333	52.47666667	51.41	51.49333333	51.97666667	53.08	54.28333333	53.50333333	54.07	55.93333333	57.75666667	59.95333333	61.66666667	62.45666667	63.12	63.98666667	64.49666667	64.69	63.48666667	60.95	59.44666667	58.57666667	57.28666667	55.55	54.03333333	52.47666667	90																											
9.826666667	10.45666667	11.15666667	11.17666667	11.43666667	11.86666667	12.26	11.93333333	10.9	9.816666667	8.973333333	8.296666667	7.62	7.123333333	6.896666667	6.73	6.953333333	7.543333333	8.266666667	8.536666667	8.78	9.183333333	9.406666667	9.566666667	9.826666667	10.45666667	91		38.46	37.21	36.39	36.69666667	37.46333333	38.46	39.31333333	38.63333333	39.42333333	41.17	42.39333333	43.66666667	44.5	45.06	45.77333333	46.44	46.97333333	47.27666667	46.21	44.16666667	43.05333333	42.43333333	41.36	39.81	38.46	37.21	91																											
5.413333333	5.99	6.556666667	6.603333333	6.813333333	6.993333333	7.16	6.7	5.976666667	5.296666667	4.63	4.116666667	3.66	3.373333333	3.306666667	3.27	3.473333333	3.8	4.226666667	4.433333333	4.62	4.87	5.043333333	5.236666667	5.413333333	5.99	92		25.88	24.83	24.29	24.58	25.30333333	26.33666667	26.97333333	26.56	27.19	28.31	28.98	29.52	29.72666667	29.86333333	30.47333333	31.30333333	32.01666667	32.37666667	31.67666667	30.54666667	29.81333333	29.26666667	28.45666667	27.05666667	25.88	24.83	92																											
3.24	3.586666667	3.926666667	4.036666667	4.213333333	4.323333333	4.403333333	4	3.503333333	3.036666667	2.553333333	2.196666667	1.923333333	1.746666667	1.696666667	1.69	1.813333333	1.986666667	2.25	2.426666667	2.633333333	2.836666667	2.97	3.12	3.24	3.586666667	93		16.66	15.96666667	15.80333333	16.1	16.60666667	17.35333333	17.72666667	17.46666667	17.93666667	18.42	18.5	18.57333333	18.65333333	18.99666667	19.75	20.68666667	21.41333333	21.76	21.38	20.67333333	20.13	19.67	18.83666667	17.56333333	16.66	15.96666667	93																											
1.966666667	2.183333333	2.37	2.506666667	2.693333333	2.8	2.833333333	2.52	2.193333333	1.823333333	1.476666667	1.243333333	1.076666667	0.983333333	0.966666667	0.996666667	1.056666667	1.15	1.29	1.403333333	1.59	1.733333333	1.803333333	1.863333333	1.966666667	2.183333333	94		10.67666667	10.24	10.27333333	10.47333333	10.75	11.20333333	11.39	11.21333333	11.61666667	11.80333333	11.65333333	11.54333333	11.54	11.91666667	12.7	13.52666667	14.08666667	14.36	14.31	13.86666667	13.44333333	13.13	12.40333333	11.35666667	10.67666667	10.24	94																											
1.18	1.296666667	1.436666667	1.553333333	1.693333333	1.793333333	1.806666667	1.583333333	1.366666667	1.1	0.876666667	0.73	0.636666667	0.586666667	0.59	0.6	0.636666667	0.696666667	0.756666667	0.84	0.966666667	1.04	1.076666667	1.11	1.18	1.296666667	95		6.693333333	6.473333333	6.586666667	6.726666667	6.923333333	7.18	7.273333333	7.196666667	7.38	7.363333333	7.146666667	7.096666667	7.253333333	7.63	8.273333333	8.876666667	9.233333333	9.453333333	9.403333333	9.096666667	8.796666667	8.42	7.763333333	7.06	6.693333333	6.473333333	95																											
0.713333333	0.753333333	0.853333333	0.96	1.07	1.153333333	1.15	0.976666667	0.836666667	0.656666667	0.513333333	0.426666667	0.383333333	0.36	0.363333333	0.383333333	0.386666667	0.413333333	0.456666667	0.506666667	0.58	0.606666667	0.613333333	0.626666667	0.713333333	0.753333333	96		4.203333333	4.103333333	4.236666667	4.323333333	4.463333333	4.616666667	4.643333333	4.626666667	4.71	4.613333333	4.416666667	4.376666667	4.576666667	4.923333333	5.43	5.806666667	6.026666667	6.203333333	6.15	5.95	5.726666667	5.38	4.856666667	4.413333333	4.203333333	4.103333333	96																											
0.42	0.446666667	0.523333333	0.593333333	0.663333333	0.716666667	0.71	0.606666667	0.493333333	0.37	0.29	0.25	0.233333333	0.226666667	0.23	0.233333333	0.233333333	0.24	0.263333333	0.286666667	0.32	0.336666667	0.356666667	0.366666667	0.42	0.446666667	97		2.8	2.76	2.843333333	2.906666667	2.99	3.083333333	3.11	3.113333333	3.116666667	3	2.886666667	2.903333333	3.053333333	3.28	3.623333333	3.86	4.003333333	4.133333333	4.086666667	3.94	3.733333333	3.456666667	3.146666667	2.89	2.8	2.76	97																											
0.23	0.25	0.31	0.353333333	0.403333333	0.423333333	0.42	0.353333333	0.286666667	0.196666667	0.153333333	0.123333333	0.126666667	0.123333333	0.123333333	0.12	0.126666667	0.123333333	0.133333333	0.15	0.16	0.16	0.18	0.193333333	0.23	0.25	98		1.863333333	1.866666667	1.95	1.986666667	2.043333333	2.076666667	2.103333333	2.09	2.063333333	1.953333333	1.87	1.943333333	2.08	2.273333333	2.483333333	2.62	2.72	2.77	2.723333333	2.596666667	2.416666667	2.21	2.02	1.886666667	1.863333333	1.866666667	98																											
0.123333333	0.13	0.17	0.203333333	0.23	0.253333333	0.25	0.206666667	0.156666667	0.11	0.096666667	0.08	0.07	0.08	0.076666667	0.086666667	0.086666667	0.086666667	0.09	0.113333333	0.11	0.113333333	0.113333333	0.123333333	0.123333333	0.13	99		1.236666667	1.266666667	1.33	1.366666667	1.396666667	1.423333333	1.44	1.436666667	1.403333333	1.306666667	1.243333333	1.29	1.423333333	1.546666667	1.683333333	1.763333333	1.83	1.85	1.816666667	1.726666667	1.603333333	1.47	1.353333333	1.27	1.236666667	1.266666667	99																											
0.096666667	0.103333333	0.116666667	0.126666667	0.14	0.156666667	0.153333333	0.126666667	0.11	0.08	0.04	0.023333333	0.023333333	0.023333333	0.02	0.02	0.023333333	0.023333333	0.026666667	0.026666667	0.026666667	0.036666667	0.046666667	0.073333333	0.096666667	0.103333333	100		0.91	0.916666667	0.966666667	0.986666667	1.006666667	1.023333333	1.04	1.026666667	0.986666667	0.926666667	0.903333333	0.94	1.023333333	1.11	1.2	1.25	1.3	1.316666667	1.263333333	1.206666667	1.11	1.02	0.96	0.92	0.91	0.916666667	100																											
0.033333333	0.053333333	0.09	0.103333333	0.103333333	0.113333333	0.113333333	0.086666667	0.05	0.01	0.003333333	0.01	0.006666667	0.003333333	0.006666667	0.003333333	0.003333333	0.006666667	0.006666667	0.01	0.01	0.006666667	0.013333333	0.02	0.033333333	0.053333333	101		0.656666667	0.68	0.71	0.72	0.723333333	0.723333333	0.726666667	0.72	0.68	0.643333333	0.646666667	0.69	0.746666667	0.816666667	0.87	0.893333333	0.943333333	0.93	0.876666667	0.823333333	0.75	0.703333333	0.683333333	0.653333333	0.656666667	0.68	101																											
0.01	0.013333333	0.03	0.043333333	0.06	0.06	0.053333333	0.026666667	0.006666667	0.003333333	0.003333333	0	0	0	0	0	0	0	0	0	0	0.006666667	0.006666667	0.006666667	0.01	0.013333333	102		0.483333333	0.49	0.52	0.526666667	0.513333333	0.523333333	0.526666667	0.51	0.486666667	0.46	0.453333333	0.503333333	0.55	0.6	0.633333333	0.646666667	0.673333333	0.646666667	0.606666667	0.563333333	0.52	0.493333333	0.48	0.463333333	0.483333333	0.49	102																											
0.003333333	0.006666667	0.01	0.01	0.02	0.023333333	0.023333333	0.01	0.003333333	0	0	0	0	0	0	0	0	0	0	0	0	0	0.003333333	0.003333333	0.003333333	0.006666667	103		0.356666667	0.37	0.386666667	0.386666667	0.383333333	0.386666667	0.383333333	0.37	0.363333333	0.353333333	0.353333333	0.383333333	0.403333333	0.433333333	0.453333333	0.473333333	0.486666667	0.476666667	0.443333333	0.42	0.386666667	0.376666667	0.373333333	0.35	0.356666667	0.37	103																											
0	0	0	0.003333333	0.003333333	0.013333333	0.01	0.006666667	0.003333333	0	0	0	0	0	0	0	0	0	0	0	0	0	0	0	0	0	104		0.28	0.296666667	0.296666667	0.293333333	0.296666667	0.293333333	0.28	0.273333333	0.263333333	0.266666667	0.27	0.296666667	0.326666667	0.336666667	0.356666667	0.35	0.373333333	0.356666667	0.326666667	0.316666667	0.303333333	0.29	0.283333333	0.27	0.28	0.296666667	104																											
0	0	0	0	0	0.003333333	0	0	0	0	0	0	0	0	0	0	0	0	0	0	0	0	0	0	0	0	105		0.22	0.216666667	0.23	0.216666667	0.213333333	0.213333333	0.21	0.21	0.203333333	0.2	0.213333333	0.233333333	0.24	0.256666667	0.263333333	0.263333333	0.263333333	0.253333333	0.22	0.216666667	0.21	0.21	0.213333333	0.22	0.22	0.216666667	105																											
0	0	0	0	0	0	0	0	0	0	0	0	0	0	0	0	0	0	0	0	0	0	0	0	0	0	106		0.163333333	0.176666667	0.163333333	0.17	0.156666667	0.166666667	0.156666667	0.153333333	0.133333333	0.153333333	0.153333333	0.166666667	0.193333333	0.2	0.2	0.206666667	0.2	0.193333333	0.18	0.166666667	0.153333333	0.163333333	0.166666667	0.153333333	0.163333333	0.176666667	106																											
0	0	0	0	0	0	0	0	0	0	0	0	0	0	0	0	0	0	0	0	0	0	0	0	0	0	107		0.12	0.12	0.12	0.113333333	0.11	0.12	0.11	0.113333333	0.113333333	0.11	0.12	0.133333333	0.13	0.143333333	0.15	0.146666667	0.143333333	0.136666667	0.113333333	0.11	0.11	0.113333333	0.116666667	0.12	0.12	0.12	107																											
0	0	0	0	0	0	0	0	0	0	0	0	0	0	0	0	0	0	0	0	0	0	0	0	0	0	108		0.106666667	0.103333333	0.103333333	0.103333333	0.103333333	0.103333333	0.1	0.103333333	0.103333333	0.1	0.1	0.1	0.11	0.106666667	0.106666667	0.106666667	0.103333333	0.103333333	0.103333333	0.106666667	0.106666667	0.106666667	0.1	0.1	0.106666667	0.103333333	108																											
0	0	0	0	0	0	0	0	0	0	0	0	0	0	0	0	0	0	0	0	0	0	0	0	0	0	109		0.1	0.1	0.1	0.1	0.096666667	0.093333333	0.086666667	0.093333333	0.093333333	0.096666667	0.1	0.1	0.1	0.1	0.103333333	0.1	0.1	0.103333333	0.1	0.1	0.1	0.1	0.1	0.1	0.1	0.1	109																											
0	0	0	0	0	0	0	0	0	0	0	0	0	0	0	0	0	0	0	0	0	0	0	0	0	0	110		0.096666667	0.096666667	0.09	0.08	0.06	0.046666667	0.04	0.053333333	0.056666667	0.083333333	0.086666667	0.096666667	0.1	0.1	0.1	0.1	0.096666667	0.1	0.086666667	0.07	0.086666667	0.076666667	0.09	0.093333333	0.096666667	0.096666667	110																											
